IF
Def And 2 2 Bi
	I-Bi ;
	I-Bi ;
	Re '0' If v0 = '0' ;
	Re v1 ;
End

IF
Def Xor 2 2 Bi
	I-Bi ;
	I-Bi ;
	Re '0' If v0 = v1 ;
	Re '1' ;
End

IF
Def Or 2 2 Bi
	I-Bi ;
	I-Bi ;
	Re v1 If v0 = '0' ;
	Re '1' ;
End

IF
Def Not 1 2 Bi
	I-Bi ;
	Re '1' If v0 = '0' ;
	Re '0' ;
End

IF
Def Plus01 2 1 L
	I-Bi ;
	I-L ;
	Re v1 If v0 = '0' ;
	C v0 v1 ;
	Re v3 If v1 = 'E' ;
	L v1 ;
	R v1 ;
	Xor v0 v5 ;
	And v0 v5 ;
	Plus01 v8 v6 ;
	C v7 v9 ;
	Re v10 ;
End

IF
Def Plus 2 3 L
	I-L ;
	I-L ;
	Re v0 If v1 = 'E' ;
	Re v1 If v0 = 'E' ;
	L v0 ;
	R v0 ;
	L v1 ;
	R v1 ;
	Plus v5 v7 ;
	And v4 v6 ;
	Plus01 v9 v8 ;
	Xor v4 v6 ;
	C v11 v10 ;
	Re v12 ;
End

IF
Def Mul01 2 3 L
	I-Bi ;
	I-L ;
	Re v1 If v0 = '1' ;
	Re 'E' ;
End




PS

Mul
2
L
L
L

Data1
48

1 1 1 
1 1 1 1 
1 0 0 1 0 1 1 

1 1 
1 1 1 1 
1 0 1 1 0 1 

1 
1 1 1 1 
1 1 1 1 

0 0 1 1 
1 1 0 1 
0 0 1 0 0 0 0 1 

0 1 1 
1 1 0 1 
0 1 0 0 0 0 1 

1 1 
1 1 0 1 
1 0 0 0 0 1 

1 
1 1 0 1 
1 1 0 1 

1 1 0 0 0 1 
1 1 0 0 1 1 
1 0 0 1 1 1 1 1 0 1 1 

1 0 0 0 1 
1 1 0 0 1 1 
1 1 0 0 0 1 1 0 1 1 

0 0 0 1 
1 1 0 0 1 1 
0 0 0 1 1 0 0 1 1 

0 0 1 
1 1 0 0 1 1 
0 0 1 1 0 0 1 1 

0 1 
1 1 0 0 1 1 
0 1 1 0 0 1 1 

1 
1 1 0 0 1 1 
1 1 0 0 1 1 

1 0 1 0 1 1 
1 0 0 1 
1 0 1 1 1 0 1 1 1 

0 1 0 1 1 
1 0 0 1 
0 1 0 1 0 1 1 1 

1 0 1 1 
1 0 0 1 
1 0 1 0 1 1 1 

0 1 1 
1 0 0 1 
0 1 1 0 1 1 

1 1 
1 0 0 1 
1 1 0 1 1 

1 
1 0 0 1 
1 0 0 1 

1 1 
1 0 1 0 1 1 
1 1 1 1 1 0 0 1 

1 
1 0 1 0 1 1 
1 0 1 0 1 1 

0 1 1 1 1 
1 1 
0 1 0 1 1 0 1 

1 1 1 1 
1 1 
1 0 1 1 0 1 

1 1 1 
1 1 
1 0 1 0 1 

1 1 
1 1 
1 0 0 1 

1 
1 1 
1 1 

1 0 1 1 0 1 
0 1 0 1 1 1 
0 1 0 0 1 1 0 0 0 1 0 1 

0 1 1 0 1 
0 1 0 1 1 1 
0 0 1 1 1 1 1 1 0 0 1 

1 1 0 1 
0 1 0 1 1 1 
0 1 1 1 1 1 1 0 0 1 

1 0 1 
0 1 0 1 1 1 
0 1 0 0 0 1 0 0 1 

0 1 
0 1 0 1 1 1 
0 0 1 0 1 1 1 

1 
0 1 0 1 1 1 
0 1 0 1 1 1 

1 0 0 1 
0 1 1 
0 1 1 0 1 1 

0 0 1 
0 1 1 
0 0 0 1 1 

0 1 
0 1 1 
0 0 1 1 

1 
0 1 1 
0 1 1 

0 0 0 0 0 1 
0 0 0 0 0 1 
0 0 0 0 0 0 0 0 0 0 1 

0 0 0 0 1 
0 0 0 0 0 1 
0 0 0 0 0 0 0 0 0 1 

0 0 0 1 
0 0 0 0 0 1 
0 0 0 0 0 0 0 0 1 

0 0 1 
0 0 0 0 0 1 
0 0 0 0 0 0 0 1 

0 1 
0 0 0 0 0 1 
0 0 0 0 0 0 1 

1 
0 0 0 0 0 1 
0 0 0 0 0 1 

1 1 1 0 1 1 
1 1 1 0 0 1 
1 0 0 0 0 1 1 0 0 0 0 1 

1 1 0 1 1 
1 1 1 0 0 1 
1 0 1 1 1 0 0 0 0 0 1 

1 0 1 1 
1 1 1 0 0 1 
1 1 0 1 1 1 1 1 1 

0 1 1 
1 1 1 0 0 1 
0 1 0 1 0 1 1 1 

1 1 
1 1 1 0 0 1 
1 0 1 0 1 1 1 

1 
1 1 1 0 0 1 
1 1 1 0 0 1 

Data2
10

E
1 1 1 1 
E

E
1 1 0 1 
E

E
1 1 0 0 1 1 
E

E
1 0 0 1 
E

E
1 0 1 0 1 1 
E

E
1 1 
E

E
0 1 0 1 1 1 
E

E
0 1 1 
E

E
0 0 0 0 0 1 
E

E
1 1 1 0 0 1 
E

